# ICD9 Codes - Curated by Anvitha Madhavaram

suicide <-
  c(
    'E950',
    'E9500',
    'E9501',
    'E9502',
    'E9503',
    'E9504',
    'E9505',
    'E9506',
    'E9507',
    'E9508',
    'E9509',
    'E951',
    'E9510',
    'E9511',
    'E9518',
    'E952',
    'E9520',
    'E9521',
    'E9528',
    'E9529',
    'E953',
    'E9530',
    'E9531',
    'E9538',
    'E9539',
    'E954',
    'E955',
    'E9550',
    'E9551',
    'E9552',
    'E9553',
    'E9554',
    'E9555',
    'E9556',
    'E9557',
    'E9559',
    'E956',
    'E957',
    'E9570',
    'E9571',
    'E9572',
    'E9579',
    'E958',
    'E9580',
    'E9581',
    'E9582',
    'E9583',
    'E9584',
    'E9584',
    'E9585',
    'E9586',
    'E9587',
    'E9588',
    'E9589',
    'E959'
  )

regional_enteritis <- c('555', '5550', '5551', '5552', '5559')

schizophrenia <-
  c(
    '295',
    '2950',
    '29500',
    '29501',
    '29502',
    '29503',
    '29504',
    '29505',
    '2951',
    '29510',
    '29511',
    '29512',
    '29513',
    '29514',
    '29515',
    '2952',
    '29520',
    '29521',
    '29522',
    '29523',
    '29524',
    '29525',
    '2953',
    '29530',
    '29531',
    '29532',
    '29533',
    '29534',
    '29535',
    '2954',
    '29540',
    '29541',
    '29542',
    '29543',
    '29544',
    '29545',
    '2955',
    '29550',
    '29551',
    '29552',
    '29553',
    '29554',
    '29555',
    '29556',
    '29560',
    '29561',
    '29562',
    '29563',
    '29564',
    '29565',
    '2957',
    '29570',
    '29571',
    '29572',
    '29573',
    '29574',
    '29575',
    '2958',
    '29580',
    '29581',
    '29582',
    '29583',
    '29584',
    '29585',
    '2959',
    '29590',
    '29591',
    '29592',
    '29593',
    '29594',
    '29595'
  )

bipolar <-
  c(
    '296',
    '2960',
    '29600',
    '29601',
    '29602',
    '29603',
    '29604',
    '29605',
    '29606',
    '2961',
    '29610',
    '29611',
    '29612',
    '29613',
    '29614',
    '29615',
    '29616',
    '2964',
    '29640',
    '29641',
    '29642',
    '29643',
    '29644',
    '29645',
    '29646',
    '2965',
    '29650',
    '29651',
    '29652',
    '29653',
    '29654',
    '29655',
    '29656',
    '2966',
    '29660',
    '29661',
    '29662',
    '29663',
    '29664',
    '29665',
    '29666',
    '2967',
    '2968',
    '29680',
    '29681',
    '29682',
    '29689'
  )

depression <-
  c(
    '2962',
    '29620',
    '29621',
    '29622',
    '29623',
    '29624',
    '29625',
    '29626',
    '2963',
    '29630',
    '29631',
    '29632',
    '29633',
    '29634',
    '29635',
    '29636',
    '29682',
    '29682',
    '311',
    '6254'
  )

anxiety <-
  c('3000',
    '30000',
    '30001',
    '30002',
    '30009',
    '3002',
    '30020',
    '3003',
    '3098')
